15;0,06666666666666667
20;0,1
25;0,16
30;0,3
35;0,0
40;0,0
45;0,06666666666666667
50;0,0
55;0,05454545454545454
60;0,11666666666666667
65;0,0
70;0,05714285714285714
75;0,013333333333333334
80;0,0
85;0,21176470588235294
90;0,044444444444444446
95;0,06315789473684211
100;0,35
105;0,0761904761904762
110;0,06363636363636363
115;0,0
120;0,03333333333333333
125;0,032
130;0,0
135;0,02962962962962963
140;0,03571428571428571
145;0,0
150;0,02666666666666667
155;0,13548387096774195
160;0,025
165;0,06060606060606061
170;0,03529411764705882
175;0,0
180;0,005555555555555556
185;0,016216216216216217
190;0,005263157894736842
195;0,041025641025641026
200;0,0
205;0,014634146341463415
210;0,009523809523809525
215;0,009302325581395349
220;0,02727272727272727
225;0,013333333333333334
230;0,004347826086956522
235;0,02127659574468085
240;0,0
245;0,044897959183673466
250;0,008
255;0,06274509803921569
260;0,04230769230769231
265;0,0037735849056603774
270;0,014814814814814815
275;0,01818181818181818
280;0,02142857142857143
285;0,017543859649122806
290;0,034482758620689655
295;0,02711864406779661
300;0,0
