20;0,0
25;0,24
30;0,06666666666666667
35;0,0
40;0,0
45;0,0
50;0,16
55;0,0
60;0,03333333333333333
65;0,18461538461538463
70;0,0
75;0,05333333333333334
80;0,0625
85;0,11764705882352941
90;0,03333333333333333
95;0,08421052631578947
100;0,02
105;0,2761904761904762
110;0,17272727272727273
115;0,13043478260869565
120;0,1
125;0,008
130;0,015384615384615385
135;0,037037037037037035
140;0,04285714285714286
145;0,1103448275862069
150;0,08
155;0,01935483870967742
160;0,2
165;0,1393939393939394
170;0,052941176470588235
175;0,08571428571428572
180;0,21666666666666667
185;0,043243243243243246
190;0,0
195;0,09230769230769231
