10;0,2
15;0,26666666666666666
20;0,15
25;0,16
30;0,13333333333333333
35;0,42857142857142855
40;0,0
45;0,044444444444444446
50;0,1
55;0,12727272727272726
60;0,03333333333333333
65;0,046153846153846156
70;0,0
75;0,0
80;0,0
85;0,0
90;0,07777777777777778
95;0,0
100;0,02
105;0,009523809523809525
110;0,01818181818181818
115;0,008695652173913044
120;0,06666666666666667
125;0,024
130;0,038461538461538464
135;0,02962962962962963
140;0,0
145;0,006896551724137931
150;0,0
155;0,012903225806451613
160;0,0
165;0,03636363636363636
170;0,0
175;0,017142857142857144
180;0,005555555555555556
185;0,0
190;0,0
195;0,0
