15;0,13333333333333333
20;0,05
25;0,12
30;0,16666666666666666
35;0,45714285714285713
40;0,025
45;0,044444444444444446
50;0,24
55;0,07272727272727272
60;0,15
65;0,06153846153846154
70;0,014285714285714285
75;0,02666666666666667
80;0,05
85;0,07058823529411765
90;0,0
95;0,17894736842105263
100;0,16
105;0,0380952380952381
110;0,0
115;0,11304347826086956
120;0,1
125;0,04
130;0,015384615384615385
135;0,02962962962962963
140;0,0
145;0,013793103448275862
150;0,013333333333333334
155;0,01935483870967742
160;0,0125
165;0,10909090909090909
170;0,0
175;0,011428571428571429
180;0,03888888888888889
185;0,021621621621621623
190;0,0
195;0,020512820512820513
