40;0,125
45;0,1111111111111111
50;0,0
55;0,21818181818181817
60;0,08333333333333333
65;0,12307692307692308
70;0,07142857142857142
75;0,4666666666666667
80;0,05
85;0,27058823529411763
90;0,03333333333333333
95;0,11578947368421053
100;0,13
105;0,11428571428571428
110;0,12727272727272726
115;0,017391304347826087
120;0,19166666666666668
125;0,12
130;0,023076923076923078
135;0,14814814814814814
140;0,014285714285714285
145;0,12413793103448276
150;0,18
155;0,2903225806451613
160;0,3625
165;0,3151515151515151
170;0,052941176470588235
175;0,05714285714285714
180;0,14444444444444443
185;0,13513513513513514
190;0,34210526315789475
195;0,11794871794871795
200;0,025
205;0,0
210;0,32857142857142857
215;0,20930232558139536
220;0,10454545454545454
225;0,2222222222222222
230;0,11739130434782609
235;0,05531914893617021
240;0,016666666666666666
245;0,05714285714285714
250;0,196
255;0,1843137254901961
260;0,18461538461538463
265;0,2037735849056604
270;0,21481481481481482
275;0,10181818181818182
280;0,09285714285714286
285;0,2982456140350877
290;0,1724137931034483
295;0,15932203389830507
300;0,06
305;0,04262295081967213
310;0,04838709677419355
315;0,0
320;0,153125
325;0,0
330;0,0696969696969697
335;0,04776119402985075
340;0,0058823529411764705
345;0,0463768115942029
350;0,19142857142857142
355;0,03943661971830986
360;0,05555555555555555
365;0,01643835616438356
370;0,010810810810810811
375;0,18933333333333333
380;0,021052631578947368
