15;0,13333333333333333
20;0,25
25;0,08
30;0,26666666666666666
35;0,22857142857142856
40;0,325
45;0,08888888888888889
50;0,02
55;0,3090909090909091
60;0,016666666666666666
65;0,03076923076923077
70;0,02857142857142857
75;0,05333333333333334
80;0,2125
85;0,0
90;0,16666666666666666
95;0,010526315789473684
100;0,0
105;0,01904761904761905
110;0,14545454545454545
115;0,034782608695652174
120;0,0
125;0,0
130;0,046153846153846156
135;0,014814814814814815
140;0,03571428571428571
145;0,06896551724137931
150;0,05333333333333334
155;0,08387096774193549
160;0,1375
165;0,05454545454545454
170;0,03529411764705882
175;0,05142857142857143
180;0,06666666666666667
185;0,07027027027027027
