20;0,35
25;0,08
30;0,06666666666666667
35;0,5714285714285714
40;0,275
45;0,35555555555555557
50;0,38
55;0,09090909090909091
60;0,26666666666666666
65;0,07692307692307693
70;0,05714285714285714
75;0,21333333333333335
80;0,025
85;0,0
90;0,0
95;0,0
100;0,03
105;0,10476190476190476
110;0,09090909090909091
115;0,05217391304347826
120;0,06666666666666667
125;0,016
130;0,15384615384615385
135;0,08148148148148149
140;0,16428571428571428
145;0,11724137931034483
150;0,013333333333333334
155;0,05806451612903226
160;0,03125
165;0,006060606060606061
170;0,14705882352941177
175;0,022857142857142857
180;0,0
185;0,0
190;0,05263157894736842
195;0,0
