10;0,1
15;0,3333333333333333
20;0,0
25;0,0
30;0,0
35;0,0
40;0,075
45;0,2222222222222222
50;0,02
55;0,01818181818181818
60;0,05
65;0,2
70;0,014285714285714285
75;0,0
80;0,2
85;0,011764705882352941
90;0,03333333333333333
95;0,021052631578947368
100;0,04
105;0,047619047619047616
110;0,0
115;0,0
120;0,0
125;0,024
130;0,0
135;0,02962962962962963
140;0,0
145;0,006896551724137931
150;0,02666666666666667
155;0,03225806451612903
160;0,0375
165;0,0
170;0,0
175;0,05714285714285714
180;0,011111111111111112
185;0,016216216216216217
190;0,0
195;0,005128205128205128
