15;0,13333333333333333
20;0,15
25;0,0
30;0,36666666666666664
35;0,37142857142857144
40;0,125
45;0,15555555555555556
50;0,32
55;0,0
60;0,2
65;0,0
70;0,2
75;0,13333333333333333
80;0,15
85;0,2235294117647059
90;0,044444444444444446
95;0,010526315789473684
100;0,04
105;0,05714285714285714
110;0,08181818181818182
115;0,14782608695652175
120;0,09166666666666666
125;0,0
130;0,0
135;0,02962962962962963
140;0,07142857142857142
145;0,0
150;0,06666666666666667
155;0,012903225806451613
160;0,0
165;0,07878787878787878
170;0,0058823529411764705
175;0,0
180;0,0
185;0,005405405405405406
190;0,08947368421052632
195;0,010256410256410256
