40;0,125
45;0,13333333333333333
50;0,0
55;0,18181818181818182
60;0,06666666666666667
65;0,1076923076923077
70;0,3
75;0,3333333333333333
80;0,1
85;0,3764705882352941
90;0,1111111111111111
95;0,18947368421052632
100;0,22
105;0,38095238095238093
110;0,0
115;0,13043478260869565
120;0,1
125;0,016
130;0,14615384615384616
135;0,02962962962962963
140;0,1357142857142857
145;0,2413793103448276
150;0,22666666666666666
155;0,012903225806451613
160;0,2375
165;0,0
170;0,12941176470588237
175;0,0
180;0,06666666666666667
185;0,05945945945945946
190;0,05263157894736842
195;0,10256410256410256
200;0,26
205;0,03902439024390244
210;0,03333333333333333
215;0,027906976744186046
220;0,2818181818181818
225;0,022222222222222223
230;0,0391304347826087
235;0,1829787234042553
240;0,10833333333333334
245;0,11020408163265306
250;0,032
255;0,3137254901960784
260;0,08461538461538462
265;0,22264150943396227
270;0,08518518518518518
