10;0,0
15;0,06666666666666667
20;0,05
25;0,44
30;0,26666666666666666
35;0,02857142857142857
40;0,0
45;0,044444444444444446
50;0,2
55;0,03636363636363636
60;0,11666666666666667
65;0,03076923076923077
70;0,04285714285714286
75;0,2
80;0,0125
85;0,03529411764705882
90;0,044444444444444446
95;0,0
100;0,0
105;0,0380952380952381
110;0,00909090909090909
115;0,017391304347826087
120;0,0
125;0,024
130;0,0
135;0,05185185185185185
140;0,0
145;0,06206896551724138
150;0,0
155;0,0
160;0,0
165;0,030303030303030304
170;0,052941176470588235
175;0,0
180;0,022222222222222223
185;0,010810810810810811
190;0,02631578947368421
195;0,0
