10;0,2
15;0,0
20;0,0
25;0,08
30;0,03333333333333333
35;0,11428571428571428
40;0,1
45;0,08888888888888889
50;0,04
55;0,01818181818181818
60;0,06666666666666667
65;0,12307692307692308
70;0,02857142857142857
75;0,0
80;0,0
85;0,0
90;0,0
95;0,06315789473684211
100;0,0
105;0,1619047619047619
110;0,0
115;0,0
120;0,016666666666666666
125;0,0
130;0,0
135;0,05185185185185185
140;0,0
145;0,0
150;0,013333333333333334
155;0,03870967741935484
160;0,00625
165;0,01818181818181818
170;0,0
175;0,017142857142857144
180;0,05555555555555555
185;0,043243243243243246
190;0,015789473684210527
195;0,005128205128205128
