40;0,1
45;0,022222222222222223
50;0,18
55;0,0
60;0,08333333333333333
65;0,36923076923076925
70;0,35714285714285715
75;0,04
80;0,025
85;0,0
90;0,0
95;0,11578947368421053
100;0,17
105;0,09523809523809523
110;0,4090909090909091
115;0,09565217391304348
120;0,09166666666666666
125;0,064
130;0,03076923076923077
135;0,2962962962962963
140;0,14285714285714285
145;0,0896551724137931
150;0,04
155;0,24516129032258063
160;0,15
165;0,36363636363636365
170;0,14705882352941177
175;0,06285714285714286
180;0,3333333333333333
185;0,23783783783783785
190;0,1
195;0,15897435897435896
200;0,025
205;0,01951219512195122
210;0,1523809523809524
215;0,004651162790697674
220;0,05
225;0,12
230;0,034782608695652174
235;0,2765957446808511
240;0,2791666666666667
245;0,06938775510204082
250;0,132
255;0,058823529411764705
260;0,03461538461538462
265;0,022641509433962263
270;0,025925925925925925
275;0,2581818181818182
280;0,15
285;0,16140350877192983
290;0,16206896551724137
295;0,13559322033898305
300;0,19
305;0,07868852459016394
310;0,0064516129032258064
315;0,031746031746031744
320;0,003125
325;0,05846153846153846
330;0,27575757575757576
335;0,04776119402985075
340;0,03823529411764706
345;0,17971014492753623
350;0,04285714285714286
355;0,03943661971830986
360;0,041666666666666664
365;0,03287671232876712
370;0,15135135135135136
375;0,032
380;0,010526315789473684
385;0,14805194805194805
390;0,041025641025641026
395;0,13164556962025317
