40;0,375
45;0,022222222222222223
50;0,1
55;0,23636363636363636
60;0,43333333333333335
65;0,0
70;0,18571428571428572
75;0,32
80;0,0125
85;0,3411764705882353
90;0,022222222222222223
95;0,2736842105263158
100;0,09
105;0,009523809523809525
110;0,2545454545454545
115;0,16521739130434782
120;0,008333333333333333
125;0,208
130;0,2846153846153846
135;0,2814814814814815
140;0,12857142857142856
145;0,013793103448275862
150;0,0
155;0,11612903225806452
160;0,39375
165;0,2606060606060606
170;0,17058823529411765
175;0,09142857142857143
180;0,03333333333333333
185;0,12972972972972974
190;0,05263157894736842
195;0,07692307692307693
200;0,08
