20;0,05
25;0,04
30;0,0
35;0,05714285714285714
40;0,0
45;0,0
50;0,04
55;0,12727272727272726
60;0,11666666666666667
65;0,24615384615384617
70;0,4
75;0,04
80;0,025
85;0,18823529411764706
90;0,14444444444444443
95;0,22105263157894736
100;0,01
105;0,08571428571428572
110;0,02727272727272727
115;0,14782608695652175
120;0,03333333333333333
125;0,024
130;0,13076923076923078
135;0,05925925925925926
140;0,0
145;0,05517241379310345
150;0,15333333333333332
155;0,03225806451612903
160;0,01875
165;0,07272727272727272
