15;0,0
20;0,0
25;0,04
30;0,0
35;0,08571428571428572
40;0,175
45;0,044444444444444446
50;0,22
55;0,03636363636363636
60;0,016666666666666666
65;0,07692307692307693
70;0,0
75;0,0
80;0,1
85;0,03529411764705882
90;0,0
95;0,0
100;0,21
105;0,047619047619047616
110;0,01818181818181818
115;0,02608695652173913
120;0,09166666666666666
125;0,0
130;0,07692307692307693
135;0,014814814814814815
140;0,16428571428571428
145;0,020689655172413793
150;0,0
155;0,2967741935483871
160;0,05625
165;0,0
170;0,01764705882352941
175;0,011428571428571429
180;0,0
185;0,016216216216216217
190;0,05263157894736842
195;0,010256410256410256
