10;0,4
15;0,0
20;0,15
25;0,0
30;0,13333333333333333
35;0,0
40;0,125
45;0,0
50;0,06
55;0,0
60;0,0
65;0,015384615384615385
70;0,0
75;0,013333333333333334
80;0,025
85;0,0
90;0,011111111111111112
95;0,09473684210526316
100;0,0
105;0,009523809523809525
110;0,0
115;0,0
120;0,025
125;0,0
130;0,0
135;0,007407407407407408
140;0,02857142857142857
145;0,006896551724137931
150;0,02
155;0,0064516129032258064
160;0,05625
165;0,030303030303030304
170;0,052941176470588235
175;0,005714285714285714
180;0,0
185;0,0
190;0,010526315789473684
195;0,010256410256410256
