20;0,1
25;0,04
30;0,03333333333333333
35;0,5428571428571428
40;0,0
45;0,2222222222222222
50;0,18
55;0,05454545454545454
60;0,16666666666666666
65;0,03076923076923077
70;0,08571428571428572
75;0,21333333333333335
80;0,025
85;0,0
90;0,022222222222222223
95;0,21052631578947367
100;0,15
105;0,0761904761904762
110;0,0
115;0,008695652173913044
120;0,08333333333333333
125;0,104
130;0,0
135;0,08888888888888889
140;0,1357142857142857
145;0,034482758620689655
150;0,06666666666666667
155;0,05806451612903226
160;0,05625
165;0,06060606060606061
170;0,01764705882352941
175;0,09142857142857143
180;0,0
185;0,04864864864864865
190;0,0
195;0,08717948717948718
