20;0,4
25;0,32
30;0,06666666666666667
35;0,22857142857142856
40;0,475
45;0,7111111111111111
50;0,08
55;0,3090909090909091
60;0,05
65;0,015384615384615385
70;0,0
75;0,0
80;0,0
85;0,18823529411764706
90;0,1
95;0,0
100;0,02
105;0,1523809523809524
110;0,35454545454545455
115;0,008695652173913044
120;0,25833333333333336
125;0,168
130;0,15384615384615385
135;0,1259259259259259
140;0,22142857142857142
145;0,041379310344827586
150;0,02
155;0,03870967741935484
160;0,14375
165;0,08484848484848485
170;0,0
175;0,15428571428571428
180;0,03888888888888889
185;0,016216216216216217
190;0,05789473684210526
195;0,03076923076923077
