20;0,2
25;0,08
30;0,1
35;0,5142857142857142
40;0,075
45;0,08888888888888889
50;0,28
55;0,09090909090909091
60;0,03333333333333333
65;0,2
70;0,17142857142857143
75;0,02666666666666667
80;0,0375
85;0,058823529411764705
90;0,08888888888888889
95;0,11578947368421053
100;0,03
105;0,02857142857142857
110;0,045454545454545456
115;0,08695652173913043
120;0,0
125;0,296
130;0,23076923076923078
135;0,11851851851851852
140;0,16428571428571428
145;0,1103448275862069
150;0,09333333333333334
155;0,1032258064516129
160;0,0875
165;0,048484848484848485
170;0,0
175;0,3314285714285714
180;0,06111111111111111
185;0,14054054054054055
190;0,06842105263157895
195;0,010256410256410256
