10;0,0
15;0,06666666666666667
20;0,4
25;0,12
30;0,0
35;0,08571428571428572
40;0,3
45;0,0
50;0,0
55;0,07272727272727272
60;0,13333333333333333
65;0,0
70;0,0
75;0,0
80;0,0375
85;0,09411764705882353
90;0,0
95;0,0
100;0,06
105;0,08571428571428572
110;0,01818181818181818
115;0,043478260869565216
120;0,058333333333333334
125;0,016
130;0,0
135;0,007407407407407408
140;0,007142857142857143
145;0,13793103448275862
150;0,02
155;0,0
160;0,0
165;0,024242424242424242
170;0,023529411764705882
175;0,017142857142857144
180;0,005555555555555556
185;0,03783783783783784
190;0,005263157894736842
195;0,0
