15;0,0
20;0,0
25;0,08
30;0,2
35;0,0
40;0,05
45;0,0
50;0,0
55;0,2727272727272727
60;0,11666666666666667
65;0,12307692307692308
70;0,11428571428571428
75;0,12
80;0,0125
85;0,058823529411764705
90;0,022222222222222223
95;0,06315789473684211
100;0,04
105;0,06666666666666667
110;0,0
115;0,017391304347826087
120;0,0
125;0,104
130;0,0
135;0,0
140;0,06428571428571428
145;0,013793103448275862
150;0,013333333333333334
155;0,0064516129032258064
160;0,03125
165;0,024242424242424242
170;0,029411764705882353
175;0,05714285714285714
180;0,05
185;0,0918918918918919
190;0,09473684210526316
195;0,041025641025641026
