20;0,1
25;0,08
30;0,3333333333333333
35;0,05714285714285714
40;0,0
45;0,022222222222222223
50;0,0
55;0,5272727272727272
60;0,13333333333333333
65;0,13846153846153847
70;0,17142857142857143
75;0,02666666666666667
80;0,05
85;0,25882352941176473
90;0,011111111111111112
95;0,042105263157894736
100;0,02
105;0,0
110;0,2727272727272727
115;0,0782608695652174
120;0,175
125;0,0
130;0,13076923076923078
135;0,044444444444444446
140;0,03571428571428571
145;0,0896551724137931
150;0,07333333333333333
155;0,14838709677419354
160;0,075
165;0,03636363636363636
170;0,06470588235294118
175;0,03428571428571429
180;0,0
185;0,010810810810810811
190;0,04736842105263158
195;0,0
200;0,055
205;0,004878048780487805
210;0,02857142857142857
215;0,0
220;0,0
225;0,07555555555555556
230;0,008695652173913044
235;0,0
240;0,13333333333333333
245;0,0
250;0,024
255;0,13725490196078433
260;0,038461538461538464
265;0,03018867924528302
270;0,03333333333333333
275;0,06181818181818182
280;0,02142857142857143
285;0,10175438596491228
290;0,006896551724137931
295;0,0
300;0,04
305;0,08196721311475409
310;0,04516129032258064
315;0,0
320;0,11875
325;0,015384615384615385
330;0,02727272727272727
335;0,023880597014925373
340;0,014705882352941176
345;0,07536231884057971
350;0,08285714285714285
355;0,008450704225352112
360;0,06388888888888888
365;0,021917808219178082
370;0,002702702702702703
375;0,02666666666666667
380;0,02894736842105263
385;0,01038961038961039
390;0,046153846153846156
395;0,005063291139240506
