15;0,4
20;0,1
25;0,24
30;0,1
35;0,2857142857142857
40;0,2
45;0,044444444444444446
50;0,16
55;0,2909090909090909
60;0,1
65;0,015384615384615385
70;0,014285714285714285
75;0,02666666666666667
80;0,1125
85;0,011764705882352941
90;0,12222222222222222
95;0,07368421052631578
100;0,14
105;0,047619047619047616
110;0,05454545454545454
115;0,12173913043478261
120;0,05
125;0,064
130;0,0
135;0,0
140;0,05714285714285714
145;0,0
150;0,09333333333333334
155;0,04516129032258064
160;0,0625
165;0,0
170;0,0
175;0,022857142857142857
180;0,08333333333333333
185;0,02702702702702703
190;0,010526315789473684
195;0,0
