10;0,4
15;0,0
20;0,45
25;0,0
30;0,0
35;0,02857142857142857
40;0,175
45;0,0
50;0,02
55;0,0
60;0,13333333333333333
65;0,03076923076923077
70;0,07142857142857142
75;0,21333333333333335
80;0,0625
85;0,0
90;0,07777777777777778
95;0,07368421052631578
100;0,03
105;0,009523809523809525
110;0,0
115;0,008695652173913044
120;0,0
125;0,016
130;0,1
135;0,022222222222222223
140;0,014285714285714285
145;0,0
150;0,02
155;0,012903225806451613
160;0,0
165;0,012121212121212121
170;0,011764705882352941
175;0,045714285714285714
180;0,005555555555555556
185;0,016216216216216217
190;0,005263157894736842
195;0,0
