15;0,0
25;0,24
35;0,17142857142857143
45;0,2
55;0,10909090909090909
65;0,2923076923076923
75;0,08
85;0,07058823529411765
95;0,07368421052631578
105;0,05714285714285714
115;0,11304347826086956
125;0,08
135;0,14074074074074075
145;0,0896551724137931
155;0,0
165;0,04242424242424243
175;0,04
185;0,032432432432432434
195;0,0
205;0,0
215;0,03255813953488372
225;0,022222222222222223
235;0,0851063829787234
245;0,024489795918367346
255;0,0
265;0,06415094339622641
275;0,01090909090909091
285;0,007017543859649123
295;0,0
