15;0,13333333333333333
25;0,08
35;0,17142857142857143
45;0,0
55;0,2
65;0,0
75;0,06666666666666667
85;0,15294117647058825
95;0,021052631578947368
105;0,0
115;0,017391304347826087
125;0,152
135;0,044444444444444446
145;0,034482758620689655
155;0,0
165;0,03636363636363636
175;0,017142857142857144
185;0,02702702702702703
195;0,02564102564102564
205;0,02926829268292683
215;0,027906976744186046
225;0,03111111111111111
235;0,0425531914893617
245;0,08979591836734693
255;0,01568627450980392
265;0,033962264150943396
275;0,01090909090909091
285;0,010526315789473684
