40;0,125
45;0,06666666666666667
50;0,2
55;0,07272727272727272
60;0,18333333333333332
65;0,36923076923076925
70;0,17142857142857143
75;0,0
80;0,1
85;0,4823529411764706
90;0,0
95;0,28421052631578947
100;0,29
105;0,45714285714285713
110;0,22727272727272727
115;0,06956521739130435
120;0,075
125;0,152
130;0,1
135;0,16296296296296298
140;0,5714285714285714
145;0,38620689655172413
150;0,05333333333333334
155;0,17419354838709677
160;0,0875
165;0,37575757575757573
170;0,0
175;0,08
180;0,005555555555555556
185;0,06486486486486487
190;0,015789473684210527
195;0,02564102564102564
200;0,03
205;0,12682926829268293
210;0,3047619047619048
215;0,16279069767441862
220;0,18181818181818182
225;0,08888888888888889
230;0,11739130434782609
235;0,1276595744680851
240;0,17083333333333334
245;0,11836734693877551
250;0,124
255;0,23529411764705882
260;0,05
265;0,045283018867924525
270;0,0
275;0,14181818181818182
280;0,14642857142857144
285;0,07719298245614035
290;0,2655172413793103
