10;0,0
15;0,0
20;0,1
25;0,28
30;0,26666666666666666
35;0,2
40;0,0
45;0,17777777777777778
50;0,2
55;0,07272727272727272
60;0,0
65;0,0
70;0,0
75;0,013333333333333334
80;0,0375
85;0,0
90;0,07777777777777778
95;0,08421052631578947
100;0,0
105;0,01904761904761905
110;0,02727272727272727
115;0,2
120;0,03333333333333333
125;0,016
130;0,06153846153846154
135;0,07407407407407407
140;0,0
145;0,027586206896551724
150;0,0
155;0,01935483870967742
160;0,01875
165;0,024242424242424242
170;0,03529411764705882
175;0,0
180;0,011111111111111112
185;0,0
190;0,0
195;0,0
200;0,015
205;0,0
210;0,0
215;0,013953488372093023
220;0,0
225;0,0
230;0,017391304347826087
235;0,0
240;0,008333333333333333
245;0,00816326530612245
250;0,02
255;0,0
260;0,015384615384615385
265;0,0037735849056603774
270;0,007407407407407408
275;0,025454545454545455
280;0,0
285;0,007017543859649123
290;0,0
295;0,023728813559322035
300;0,0
305;0,019672131147540985
310;0,0032258064516129032
315;0,01904761904761905
320;0,034375
325;0,009230769230769232
330;0,0
335;0,011940298507462687
340;0,008823529411764706
345;0,02318840579710145
350;0,005714285714285714
355;0,011267605633802818
360;0,013888888888888888
365;0,0
370;0,032432432432432434
375;0,010666666666666666
380;0,0
385;0,007792207792207792
390;0,002564102564102564
395;0,010126582278481013
