10;0,4
15;0,2
20;0,15
25;0,04
30;0,0
35;0,02857142857142857
40;0,0
45;0,06666666666666667
50;0,0
55;0,01818181818181818
60;0,0
65;0,07692307692307693
70;0,014285714285714285
75;0,04
80;0,0375
85;0,11764705882352941
90;0,011111111111111112
95;0,010526315789473684
100;0,02
105;0,05714285714285714
110;0,1
115;0,0
120;0,0
125;0,0
130;0,0
135;0,044444444444444446
140;0,0
145;0,006896551724137931
150;0,0
155;0,04516129032258064
160;0,0
165;0,024242424242424242
170;0,011764705882352941
175;0,0
180;0,005555555555555556
185;0,010810810810810811
190;0,005263157894736842
195;0,010256410256410256
200;0,0
205;0,04390243902439024
210;0,05238095238095238
215;0,013953488372093023
220;0,022727272727272728
225;0,0044444444444444444
230;0,0
235;0,03404255319148936
240;0,004166666666666667
245;0,0
250;0,008
255;0,0
260;0,0038461538461538464
265;0,022641509433962263
270;0,003703703703703704
275;0,01818181818181818
280;0,0
285;0,0035087719298245615
290;0,03793103448275862
295;0,0
300;0,006666666666666667
305;0,006557377049180328
310;0,00967741935483871
315;0,0
320;0,0
325;0,009230769230769232
330;0,0
335;0,008955223880597015
340;0,0
345;0,0
350;0,005714285714285714
355;0,01971830985915493
360;0,005555555555555556
