20;0,2
25;0,2
30;0,36666666666666664
35;0,11428571428571428
40;0,3
45;0,0
50;0,14
55;0,2909090909090909
60;0,03333333333333333
65;0,24615384615384617
70;0,12857142857142856
75;0,0
80;0,0375
85;0,03529411764705882
90;0,044444444444444446
95;0,21052631578947367
100;0,1
105;0,2
110;0,11818181818181818
115;0,0
120;0,15833333333333333
125;0,096
130;0,23076923076923078
135;0,24444444444444444
140;0,1
145;0,15172413793103448
150;0,013333333333333334
155;0,07741935483870968
160;0,05
165;0,18787878787878787
170;0,07647058823529412
175;0,06857142857142857
180;0,0
185;0,0
190;0,04736842105263158
195;0,010256410256410256
