20;0,35
25;0,04
30;0,06666666666666667
35;0,5142857142857142
40;0,425
45;0,4222222222222222
50;0,18
55;0,09090909090909091
60;0,25
65;0,12307692307692308
70;0,1
75;0,21333333333333335
80;0,05
85;0,047058823529411764
90;0,08888888888888889
95;0,0
100;0,16
105;0,047619047619047616
110;0,0
115;0,0
120;0,041666666666666664
125;0,12
130;0,06153846153846154
135;0,07407407407407407
140;0,04285714285714286
145;0,020689655172413793
150;0,02
155;0,0
160;0,10625
165;0,06060606060606061
170;0,08235294117647059
175;0,03428571428571429
180;0,08333333333333333
185;0,02702702702702703
190;0,042105263157894736
195;0,0
