15;0,2
20;0,4
25;0,04
30;0,03333333333333333
35;0,08571428571428572
40;0,2
45;0,044444444444444446
50;0,4
55;0,0
60;0,0
65;0,06153846153846154
70;0,0
75;0,02666666666666667
80;0,0875
85;0,047058823529411764
90;0,0
95;0,0
100;0,0
105;0,047619047619047616
110;0,0
115;0,0
120;0,03333333333333333
125;0,0
130;0,007692307692307693
135;0,0
140;0,02142857142857143
145;0,020689655172413793
150;0,07333333333333333
155;0,05806451612903226
160;0,0
165;0,024242424242424242
170;0,052941176470588235
175;0,10285714285714286
180;0,0
185;0,010810810810810811
190;0,0
195;0,0
