20;0,5
25;0,44
30;0,23333333333333334
35;0,08571428571428572
40;0,025
45;0,06666666666666667
50;0,32
55;0,32727272727272727
60;0,05
65;0,07692307692307693
70;0,22857142857142856
75;0,05333333333333334
80;0,025
85;0,09411764705882353
90;0,2111111111111111
95;0,0
100;0,04
105;0,05714285714285714
110;0,0
115;0,1826086956521739
120;0,041666666666666664
125;0,096
130;0,16923076923076924
135;0,05185185185185185
140;0,15714285714285714
145;0,0896551724137931
150;0,04
155;0,05806451612903226
160;0,08125
165;0,06666666666666667
170;0,0
175;0,15428571428571428
180;0,2611111111111111
185;0,14054054054054055
190;0,08947368421052632
195;0,0
