15;0,13333333333333333
20;0,15
25;0,04
30;0,1
35;0,11428571428571428
40;0,025
45;0,15555555555555556
50;0,04
55;0,2
60;0,0
65;0,1076923076923077
70;0,11428571428571428
75;0,02666666666666667
80;0,0
85;0,10588235294117647
90;0,08888888888888889
95;0,06315789473684211
100;0,11
105;0,0380952380952381
110;0,13636363636363635
115;0,08695652173913043
120;0,0
125;0,096
130;0,24615384615384617
135;0,0
140;0,02142857142857143
145;0,020689655172413793
150;0,02
155;0,0
160;0,04375
165;0,06666666666666667
170;0,0
175;0,03428571428571429
180;0,05
185;0,06486486486486487
190;0,0
195;0,010256410256410256
