20;0,6
25;0,08
30;0,0
35;0,34285714285714286
40;0,1
45;0,26666666666666666
50;0,12
55;0,03636363636363636
60;0,0
65;0,13846153846153847
70;0,08571428571428572
75;0,08
80;0,025
85;0,0
90;0,16666666666666666
95;0,0
100;0,13
105;0,06666666666666667
110;0,20909090909090908
115;0,0
120;0,016666666666666666
125;0,0
130;0,03076923076923077
135;0,2222222222222222
140;0,06428571428571428
145;0,0
150;0,04
155;0,06451612903225806
160;0,0125
165;0,0
170;0,058823529411764705
175;0,02857142857142857
180;0,07777777777777778
185;0,21081081081081082
190;0,010526315789473684
195;0,015384615384615385
