10;0,3
15;0,26666666666666666
20;0,1
25;0,12
30;0,0
35;0,11428571428571428
40;0,0
45;0,022222222222222223
50;0,06
55;0,0
60;0,016666666666666666
65;0,0
70;0,0
75;0,0
80;0,0
85;0,023529411764705882
90;0,03333333333333333
95;0,0
100;0,0
105;0,11428571428571428
110;0,0
115;0,0
120;0,025
125;0,016
130;0,007692307692307693
135;0,022222222222222223
140;0,014285714285714285
145;0,006896551724137931
150;0,0
155;0,05161290322580645
160;0,0
165;0,04242424242424243
170;0,011764705882352941
175;0,005714285714285714
180;0,016666666666666666
185;0,0
190;0,015789473684210527
195;0,0
