40;0,05
45;0,0
50;0,1
55;0,03636363636363636
60;0,0
65;0,47692307692307695
70;0,2571428571428571
75;0,0
80;0,325
85;0,38823529411764707
90;0,12222222222222222
95;0,07368421052631578
100;0,12
105;0,09523809523809523
110;0,20909090909090908
115;0,06086956521739131
120;0,025
125;0,0
130;0,1
135;0,044444444444444446
140;0,10714285714285714
145;0,21379310344827587
150;0,26666666666666666
155;0,03870967741935484
160;0,00625
165;0,19393939393939394
170;0,12941176470588237
175;0,017142857142857144
180;0,12222222222222222
185;0,06486486486486487
190;0,06315789473684211
195;0,2923076923076923
200;0,13
205;0,13658536585365855
210;0,014285714285714285
215;0,03255813953488372
220;0,10454545454545454
225;0,08888888888888889
230;0,004347826086956522
235;0,4127659574468085
240;0,03333333333333333
245;0,1306122448979592
250;0,048
255;0,0
260;0,2076923076923077
