15;0,0
20;0,0
25;0,16
30;0,03333333333333333
35;0,05714285714285714
40;0,1
45;0,06666666666666667
50;0,0
55;0,0
60;0,18333333333333332
65;0,0
70;0,0
75;0,04
80;0,25
85;0,03529411764705882
90;0,1
95;0,0
100;0,03
105;0,02857142857142857
110;0,16363636363636364
115;0,06956521739130435
120;0,03333333333333333
125;0,104
130;0,038461538461538464
135;0,02962962962962963
140;0,02857142857142857
145;0,027586206896551724
150;0,04666666666666667
155;0,0967741935483871
160;0,04375
165;0,048484848484848485
170;0,011764705882352941
175;0,02857142857142857
180;0,011111111111111112
185;0,010810810810810811
190;0,0
195;0,0
