10;0,0
15;0,13333333333333333
20;0,15
25;0,0
30;0,0
35;0,14285714285714285
40;0,05
45;0,08888888888888889
50;0,0
55;0,0
60;0,016666666666666666
65;0,09230769230769231
70;0,08571428571428572
75;0,013333333333333334
80;0,15
85;0,047058823529411764
90;0,011111111111111112
95;0,0
100;0,0
105;0,0
110;0,05454545454545454
115;0,0
120;0,016666666666666666
125;0,016
130;0,007692307692307693
135;0,02962962962962963
140;0,05
145;0,034482758620689655
150;0,013333333333333334
155;0,04516129032258064
160;0,025
165;0,006060606060606061
170;0,0
175;0,005714285714285714
180;0,022222222222222223
185;0,0
190;0,021052631578947368
195;0,0
