40;0,225
45;0,3111111111111111
50;0,04
55;0,0
60;0,2
65;0,4461538461538462
70;0,24285714285714285
75;0,02666666666666667
80;0,1625
85;0,24705882352941178
90;0,044444444444444446
95;0,06315789473684211
100;0,15
105;0,20952380952380953
110;0,07272727272727272
115;0,17391304347826086
120;0,16666666666666666
125;0,144
130;0,17692307692307693
135;0,0
140;0,03571428571428571
145;0,41379310344827586
150;0,14
155;0,1935483870967742
160;0,275
165;0,18787878787878787
170;0,06470588235294118
175;0,2
180;0,016666666666666666
185;0,0
190;0,005263157894736842
195;0,35384615384615387
200;0,285
205;0,0
210;0,023809523809523808
215;0,0
220;0,031818181818181815
225;0,05333333333333334
230;0,06086956521739131
235;0,01276595744680851
240;0,0
245;0,004081632653061225
250;0,076
255;0,11372549019607843
260;0,3038461538461538
265;0,07924528301886792
270;0,14444444444444443
275;0,10545454545454545
