15;0,0
20;0,0
25;0,08
30;0,0
35;0,3142857142857143
40;0,075
45;0,022222222222222223
50;0,06
55;0,2
60;0,08333333333333333
65;0,13846153846153847
70;0,12857142857142856
75;0,2
80;0,0
85;0,0
90;0,0
95;0,021052631578947368
100;0,02
105;0,009523809523809525
110;0,1
115;0,08695652173913043
120;0,041666666666666664
125;0,176
130;0,015384615384615385
135;0,014814814814814815
140;0,06428571428571428
145;0,013793103448275862
150;0,02
155;0,05161290322580645
160;0,0375
165;0,13333333333333333
170;0,041176470588235294
175;0,022857142857142857
180;0,0
185;0,05945945945945946
190;0,03684210526315789
195;0,0
200;0,05
205;0,02926829268292683
210;0,023809523809523808
215;0,009302325581395349
220;0,031818181818181815
225;0,02666666666666667
230;0,0
235;0,0
240;0,0
245;0,004081632653061225
250;0,0
255;0,0
260;0,0
265;0,0
270;0,018518518518518517
275;0,025454545454545455
280;0,1
285;0,014035087719298246
290;0,02413793103448276
295;0,0847457627118644
300;0,02
305;0,0
310;0,0064516129032258064
315;0,009523809523809525
320;0,0125
325;0,0
330;0,03333333333333333
335;0,014925373134328358
340;0,0058823529411764705
345;0,017391304347826087
350;0,03142857142857143
355;0,030985915492957747
360;0,0
365;0,03287671232876712
370;0,07567567567567568
375;0,010666666666666666
380;0,013157894736842105
385;0,0
390;0,03076923076923077
395;0,010126582278481013
