20;0,15
25;0,04
30;0,1
35;0,22857142857142856
40;0,0
45;0,0
50;0,0
55;0,01818181818181818
60;0,016666666666666666
65;0,015384615384615385
70;0,08571428571428572
75;0,0
80;0,1375
85;0,023529411764705882
90;0,0
95;0,10526315789473684
100;0,0
105;0,02857142857142857
110;0,01818181818181818
115;0,0
120;0,008333333333333333
125;0,04
130;0,03076923076923077
135;0,0
140;0,007142857142857143
145;0,05517241379310345
150;0,06
155;0,0
160;0,08125
165;0,024242424242424242
170;0,0
175;0,0
180;0,027777777777777776
185;0,10270270270270271
190;0,0
195;0,010256410256410256
