15;0,0
20;0,25
25;0,12
30;0,03333333333333333
35;0,08571428571428572
40;0,0
45;0,17777777777777778
50;0,06
55;0,0
60;0,05
65;0,0
70;0,014285714285714285
75;0,02666666666666667
80;0,0
85;0,023529411764705882
90;0,011111111111111112
95;0,06315789473684211
100;0,0
105;0,0
110;0,01818181818181818
115;0,05217391304347826
120;0,041666666666666664
125;0,0
130;0,007692307692307693
135;0,007407407407407408
140;0,02857142857142857
145;0,0
150;0,0
155;0,03225806451612903
160;0,03125
165;0,03636363636363636
170;0,011764705882352941
175;0,0
180;0,0
185;0,0
190;0,015789473684210527
195;0,005128205128205128
200;0,0
205;0,01951219512195122
210;0,014285714285714285
215;0,023255813953488372
220;0,00909090909090909
225;0,02666666666666667
230;0,02608695652173913
235;0,02127659574468085
240;0,016666666666666666
245;0,004081632653061225
250;0,016
255;0,0
260;0,015384615384615385
265;0,011320754716981131
270;0,0
275;0,0036363636363636364
280;0,0035714285714285713
285;0,021052631578947368
290;0,006896551724137931
295;0,0
300;0,013333333333333334
305;0,009836065573770493
310;0,03225806451612903
315;0,0031746031746031746
320;0,009375
325;0,0
330;0,00909090909090909
335;0,011940298507462687
340;0,008823529411764706
345;0,008695652173913044
350;0,0
355;0,0
360;0,0
365;0,005479452054794521
370;0,016216216216216217
375;0,010666666666666666
380;0,002631578947368421
385;0,0
390;0,010256410256410256
395;0,007594936708860759
