20;0,25
25;0,2
30;0,36666666666666664
35;0,0
40;0,025
45;0,022222222222222223
50;0,14
55;0,0
60;0,06666666666666667
65;0,015384615384615385
70;0,02857142857142857
75;0,0
80;0,0
85;0,058823529411764705
90;0,07777777777777778
95;0,021052631578947368
100;0,02
105;0,06666666666666667
110;0,0
115;0,0
120;0,008333333333333333
125;0,088
130;0,0
135;0,037037037037037035
140;0,03571428571428571
145;0,006896551724137931
150;0,04666666666666667
155;0,0
160;0,0
165;0,07272727272727272
170;0,047058823529411764
175;0,04
180;0,011111111111111112
185;0,005405405405405406
190;0,04736842105263158
195;0,020512820512820513
