120;0,0
125;0,04
130;0,03076923076923077
135;0,1037037037037037
140;0,0
145;0,027586206896551724
150;0,013333333333333334
155;0,0
160;0,08125
165;0,024242424242424242
170;0,0058823529411764705
175;0,0
180;0,011111111111111112
185;0,0
190;0,005263157894736842
195;0,02564102564102564
200;0,03
205;0,004878048780487805
210;0,03333333333333333
215;0,018604651162790697
220;0,022727272727272728
225;0,013333333333333334
230;0,013043478260869565
235;0,0
240;0,0125
245;0,0326530612244898
250;0,004
255;0,0
260;0,0038461538461538464
265;0,022641509433962263
270;0,0
