10;0,0
15;0,0
20;0,0
25;0,08
30;0,16666666666666666
35;0,08571428571428572
40;0,025
45;0,0
50;0,0
55;0,01818181818181818
60;0,0
65;0,015384615384615385
70;0,02857142857142857
75;0,04
80;0,0
85;0,023529411764705882
90;0,011111111111111112
95;0,010526315789473684
100;0,01
105;0,02857142857142857
110;0,00909090909090909
115;0,0
120;0,0
125;0,008
130;0,023076923076923078
135;0,007407407407407408
140;0,0
145;0,0
150;0,06
155;0,0064516129032258064
160;0,0
165;0,0
170;0,0
175;0,005714285714285714
180;0,0
185;0,0
190;0,042105263157894736
195;0,005128205128205128
