15;0,4666666666666667
20;0,15
25;0,16
30;0,2
35;0,11428571428571428
40;0,0
45;0,0
50;0,08
55;0,03636363636363636
60;0,05
65;0,0
70;0,0
75;0,09333333333333334
80;0,0
85;0,023529411764705882
90;0,0
95;0,06315789473684211
100;0,02
105;0,01904761904761905
110;0,0
115;0,0
120;0,0
125;0,008
130;0,007692307692307693
135;0,007407407407407408
140;0,0
145;0,0
150;0,0
155;0,03225806451612903
160;0,0
165;0,006060606060606061
170;0,011764705882352941
175;0,005714285714285714
180;0,022222222222222223
185;0,043243243243243246
190;0,021052631578947368
195;0,041025641025641026
