15;0,06666666666666667
20;0,1
25;0,08
30;0,16666666666666666
35;0,0
40;0,025
45;0,0
50;0,06
55;0,03636363636363636
60;0,03333333333333333
65;0,15384615384615385
70;0,0
75;0,013333333333333334
80;0,1
85;0,0
90;0,0
95;0,0
100;0,0
105;0,0
110;0,02727272727272727
115;0,06956521739130435
120;0,025
125;0,088
130;0,007692307692307693
135;0,014814814814814815
140;0,014285714285714285
145;0,0
150;0,0
155;0,0
160;0,0125
165;0,04242424242424243
170;0,0
175;0,011428571428571429
180;0,0
185;0,010810810810810811
190;0,06315789473684211
195;0,0
