10;0,1
15;0,2
20;0,25
25;0,0
30;0,03333333333333333
35;0,0
40;0,0
45;0,0
50;0,02
55;0,0
60;0,016666666666666666
65;0,015384615384615385
70;0,12857142857142856
75;0,013333333333333334
80;0,0125
85;0,047058823529411764
90;0,03333333333333333
95;0,010526315789473684
100;0,01
105;0,0380952380952381
110;0,0
115;0,017391304347826087
120;0,0
125;0,008
130;0,0
135;0,007407407407407408
140;0,0
145;0,0
150;0,006666666666666667
155;0,01935483870967742
160;0,0
165;0,0
170;0,0
175;0,0
180;0,005555555555555556
185;0,016216216216216217
190;0,0
195;0,020512820512820513
