15;0,0
20;0,15
25;0,0
30;0,0
35;0,11428571428571428
40;0,025
45;0,0
50;0,0
55;0,0
60;0,016666666666666666
65;0,0
70;0,0
75;0,08
80;0,0
85;0,058823529411764705
90;0,0
95;0,010526315789473684
100;0,05
105;0,0
110;0,0
115;0,0
120;0,05
125;0,008
130;0,007692307692307693
135;0,06666666666666667
140;0,014285714285714285
145;0,0
150;0,006666666666666667
155;0,03870967741935484
160;0,05625
165;0,024242424242424242
170;0,06470588235294118
175;0,011428571428571429
180;0,005555555555555556
185;0,005405405405405406
190;0,015789473684210527
195;0,0
