40;0,275
45;0,4222222222222222
50;0,04
55;0,23636363636363636
60;0,1
65;0,0
70;0,12857142857142856
75;0,10666666666666667
80;0,0125
85;0,09411764705882353
90;0,06666666666666667
95;0,09473684210526316
100;0,1
105;0,11428571428571428
110;0,0
115;0,11304347826086956
120;0,0
125;0,064
130;0,046153846153846156
135;0,2740740740740741
140;0,05
145;0,0896551724137931
150;0,03333333333333333
155;0,09032258064516129
160;0,0
165;0,006060606060606061
170;0,023529411764705882
175;0,05142857142857143
180;0,0
185;0,043243243243243246
190;0,0
195;0,1282051282051282
200;0,23
205;0,03414634146341464
210;0,03333333333333333
215;0,10232558139534884
220;0,0
225;0,06222222222222222
