120;0,016666666666666666
125;0,024
130;0,05384615384615385
135;0,0
140;0,07857142857142857
145;0,0
150;0,0
155;0,03225806451612903
160;0,00625
165;0,01818181818181818
170;0,0
175;0,0
180;0,005555555555555556
185;0,0
190;0,031578947368421054
195;0,03076923076923077
200;0,065
205;0,0
210;0,05714285714285714
215;0,027906976744186046
220;0,02727272727272727
225;0,0
230;0,0
235;0,0
240;0,075
245;0,012244897959183673
250;0,028
255;0,0
260;0,057692307692307696
265;0,007547169811320755
270;0,014814814814814815
