10;0,3
15;0,4666666666666667
20;0,05
25;0,0
30;0,3
35;0,02857142857142857
40;0,025
45;0,2222222222222222
50;0,0
55;0,07272727272727272
60;0,08333333333333333
65;0,046153846153846156
70;0,014285714285714285
75;0,02666666666666667
80;0,025
85;0,0
90;0,05555555555555555
95;0,010526315789473684
100;0,01
105;0,0
110;0,0
115;0,043478260869565216
120;0,008333333333333333
125;0,008
130;0,007692307692307693
135;0,022222222222222223
140;0,05
145;0,034482758620689655
150;0,03333333333333333
155;0,012903225806451613
160;0,0125
165;0,01818181818181818
170;0,011764705882352941
175;0,0
180;0,005555555555555556
185;0,010810810810810811
190;0,0
195;0,005128205128205128
200;0,0
205;0,024390243902439025
210;0,014285714285714285
215;0,0
220;0,0
225;0,0
230;0,0
235;0,0
240;0,008333333333333333
245;0,0
250;0,0
255;0,0
260;0,007692307692307693
265;0,011320754716981131
270;0,0
275;0,0036363636363636364
280;0,010714285714285714
285;0,0035087719298245615
290;0,020689655172413793
295;0,0
300;0,013333333333333334
305;0,013114754098360656
310;0,0
315;0,006349206349206349
320;0,009375
325;0,003076923076923077
330;0,0
335;0,005970149253731343
340;0,0
345;0,002898550724637681
350;0,0
355;0,0
360;0,0
365;0,0
370;0,005405405405405406
375;0,0
380;0,0
385;0,0025974025974025974
390;0,007692307692307693
395;0,0
