15;0,3333333333333333
20;0,0
25;0,04
30;0,03333333333333333
35;0,02857142857142857
40;0,05
45;0,022222222222222223
50;0,02
55;0,0
60;0,08333333333333333
65;0,046153846153846156
70;0,014285714285714285
75;0,08
80;0,1875
85;0,011764705882352941
90;0,022222222222222223
95;0,031578947368421054
100;0,0
105;0,047619047619047616
110;0,00909090909090909
115;0,0
120;0,008333333333333333
125;0,0
130;0,0
135;0,0
140;0,05714285714285714
145;0,013793103448275862
150;0,006666666666666667
155;0,012903225806451613
160;0,0
165;0,012121212121212121
170;0,0
175;0,011428571428571429
180;0,0
185;0,0
190;0,0
195;0,05128205128205128
