10;0,1
15;0,2
20;0,25
25;0,04
30;0,06666666666666667
35;0,02857142857142857
40;0,075
45;0,0
50;0,0
55;0,01818181818181818
60;0,0
65;0,13846153846153847
70;0,0
75;0,0
80;0,0375
85;0,011764705882352941
90;0,0
95;0,010526315789473684
100;0,01
105;0,0
110;0,00909090909090909
115;0,0
120;0,008333333333333333
125;0,016
130;0,0
135;0,0
140;0,014285714285714285
145;0,0
150;0,02
155;0,0064516129032258064
160;0,0
165;0,006060606060606061
170;0,0058823529411764705
175;0,0
180;0,005555555555555556
185;0,0
190;0,005263157894736842
195;0,015384615384615385
