40;0,45
45;0,3333333333333333
50;0,5
55;0,07272727272727272
60;0,23333333333333334
65;0,35384615384615387
70;0,08571428571428572
75;0,0
80;0,0
85;0,07058823529411765
90;0,2111111111111111
95;0,22105263157894736
100;0,09
105;0,09523809523809523
110;0,08181818181818182
115;0,1565217391304348
120;0,0
125;0,0
130;0,03076923076923077
135;0,13333333333333333
140;0,1
145;0,0
150;0,04
155;0,14838709677419354
160;0,0375
165;0,006060606060606061
170;0,011764705882352941
175;0,022857142857142857
180;0,005555555555555556
185;0,07567567567567568
190;0,08421052631578947
195;0,14358974358974358
200;0,01
205;0,07804878048780488
210;0,004761904761904762
215;0,0
220;0,05
225;0,035555555555555556
230;0,12173913043478261
235;0,10638297872340426
240;0,0
245;0,08979591836734693
250;0,016
255;0,054901960784313725
260;0,007692307692307693
265;0,10566037735849057
270;0,003703703703703704
275;0,05818181818181818
280;0,02857142857142857
285;0,05263157894736842
290;0,08620689655172414
295;0,04406779661016949
