20;0,0
25;0,12
30;0,1
35;0,11428571428571428
40;0,0
45;0,0
50;0,0
55;0,0
60;0,08333333333333333
65;0,03076923076923077
70;0,1
75;0,12
80;0,1
85;0,0
90;0,011111111111111112
95;0,0
100;0,03
105;0,0
110;0,00909090909090909
115;0,06086956521739131
120;0,03333333333333333
125;0,016
130;0,007692307692307693
135;0,02962962962962963
140;0,0
145;0,0
150;0,02
155;0,06451612903225806
160;0,0
165;0,0
170;0,0058823529411764705
175;0,03428571428571429
180;0,0
185;0,05405405405405406
190;0,02631578947368421
195;0,07692307692307693
200;0,015
205;0,02926829268292683
210;0,004761904761904762
215;0,027906976744186046
220;0,02727272727272727
225;0,04
230;0,0
235;0,01276595744680851
240;0,0125
245;0,012244897959183673
250;0,008
255;0,01568627450980392
260;0,015384615384615385
265;0,0
270;0,018518518518518517
275;0,04727272727272727
280;0,0
285;0,03859649122807018
290;0,006896551724137931
295;0,0
300;0,0
305;0,0
310;0,0
315;0,015873015873015872
320;0,0
325;0,015384615384615385
330;0,0030303030303030303
335;0,0
340;0,0029411764705882353
345;0,008695652173913044
350;0,002857142857142857
355;0,0028169014084507044
360;0,002777777777777778
365;0,0
370;0,021621621621621623
375;0,013333333333333334
380;0,039473684210526314
385;0,007792207792207792
390;0,0
395;0,002531645569620253
