20;0,0
25;0,12
30;0,0
35;0,02857142857142857
40;0,025
45;0,1111111111111111
50;0,24
55;0,0
60;0,0
65;0,015384615384615385
70;0,0
75;0,05333333333333334
80;0,0125
85;0,03529411764705882
90;0,05555555555555555
95;0,021052631578947368
100;0,01
105;0,06666666666666667
110;0,03636363636363636
115;0,0
120;0,0
125;0,08
130;0,03076923076923077
135;0,014814814814814815
140;0,014285714285714285
145;0,04827586206896552
150;0,0
155;0,01935483870967742
160;0,03125
165;0,006060606060606061
170;0,0
175;0,05142857142857143
180;0,06111111111111111
185;0,005405405405405406
190;0,015789473684210527
195;0,010256410256410256
