40;0,0
45;0,13333333333333333
50;0,08
55;0,0
60;0,0
65;0,13846153846153847
70;0,0
75;0,16
80;0,075
85;0,17647058823529413
90;0,13333333333333333
95;0,09473684210526316
100;0,05
105;0,02857142857142857
110;0,12727272727272726
115;0,02608695652173913
120;0,03333333333333333
125;0,104
130;0,18461538461538463
135;0,0
140;0,07857142857142857
145;0,05517241379310345
150;0,02
155;0,08387096774193549
160;0,01875
165;0,0
170;0,2
175;0,24571428571428572
180;0,03888888888888889
185;0,032432432432432434
190;0,1
195;0,046153846153846156
200;0,0
205;0,04390243902439024
210;0,0
215;0,04186046511627907
220;0,1409090909090909
