20;0,1
25;0,04
30;0,0
35;0,0
40;0,025
45;0,0
50;0,4
55;0,0
60;0,016666666666666666
65;0,07692307692307693
70;0,014285714285714285
75;0,10666666666666667
80;0,0375
85;0,0
90;0,06666666666666667
95;0,021052631578947368
100;0,11
105;0,02857142857142857
110;0,01818181818181818
115;0,008695652173913044
120;0,025
125;0,016
130;0,015384615384615385
135;0,06666666666666667
140;0,02142857142857143
145;0,16551724137931034
150;0,006666666666666667
155;0,0
160;0,01875
165;0,05454545454545454
170;0,0058823529411764705
175;0,045714285714285714
180;0,05
185;0,021621621621621623
190;0,0
195;0,08717948717948718
