40;0,15
45;0,044444444444444446
50;0,48
55;0,09090909090909091
60;0,0
65;0,2
70;0,014285714285714285
75;0,13333333333333333
80;0,0
85;0,10588235294117647
90;0,0
95;0,06315789473684211
100;0,21
105;0,09523809523809523
110;0,07272727272727272
115;0,12173913043478261
120;0,11666666666666667
125;0,032
130;0,046153846153846156
135;0,037037037037037035
140;0,3
145;0,0
150;0,06
155;0,04516129032258064
160;0,03125
165;0,09090909090909091
170;0,052941176470588235
175;0,12571428571428572
180;0,03888888888888889
185;0,16216216216216217
190;0,06842105263157895
195;0,07692307692307693
200;0,0
205;0,07317073170731707
210;0,023809523809523808
215;0,06976744186046512
220;0,031818181818181815
225;0,044444444444444446
230;0,017391304347826087
235;0,09361702127659574
240;0,05416666666666667
245;0,061224489795918366
250;0,008
255;0,03529411764705882
260;0,011538461538461539
265;0,03773584905660377
270;0,0
275;0,09454545454545454
280;0,017857142857142856
285;0,03508771929824561
290;0,013793103448275862
295;0,09491525423728814
300;0,08
305;0,003278688524590164
310;0,04838709677419355
315;0,012698412698412698
320;0,0
325;0,18769230769230769
330;0,015151515151515152
335;0,07761194029850746
340;0,0058823529411764705
345;0,011594202898550725
350;0,0
355;0,0647887323943662
360;0,0
365;0,030136986301369864
370;0,01891891891891892
375;0,016
380;0,007894736842105263
385;0,03116883116883117
390;0,0
395;0,017721518987341773
