50;0,46
55;0,32727272727272727
60;0,3333333333333333
65;0,0
70;0,0
75;0,3333333333333333
80;0,0
85;0,03529411764705882
90;0,3888888888888889
95;0,23157894736842105
100;0,33
105;0,05714285714285714
110;0,15454545454545454
115;0,0
120;0,10833333333333334
125;0,016
130;0,11538461538461539
135;0,05185185185185185
140;0,24285714285714285
145;0,1793103448275862
150;0,11333333333333333
155;0,04516129032258064
160;0,03125
165;0,0
170;0,023529411764705882
175;0,1657142857142857
180;0,0
185;0,03783783783783784
190;0,05789473684210526
