15;0,06666666666666667
20;0,15
25;0,0
30;0,13333333333333333
35;0,02857142857142857
40;0,0
45;0,0
50;0,0
55;0,05454545454545454
60;0,016666666666666666
65;0,0
70;0,02857142857142857
75;0,0
80;0,0
85;0,03529411764705882
90;0,011111111111111112
95;0,021052631578947368
100;0,01
105;0,02857142857142857
110;0,01818181818181818
115;0,0
120;0,008333333333333333
125;0,0
130;0,007692307692307693
135;0,0
140;0,007142857142857143
145;0,013793103448275862
150;0,006666666666666667
155;0,0
160;0,0
165;0,0
170;0,0058823529411764705
175;0,005714285714285714
180;0,0
185;0,005405405405405406
190;0,0
195;0,0
