10;0,1
15;0,13333333333333333
20;0,05
25;0,0
30;0,03333333333333333
35;0,02857142857142857
40;0,025
45;0,022222222222222223
50;0,0
55;0,0
60;0,016666666666666666
65;0,015384615384615385
70;0,02857142857142857
75;0,013333333333333334
80;0,0375
85;0,011764705882352941
90;0,0
95;0,010526315789473684
100;0,0
105;0,009523809523809525
110;0,0
115;0,034782608695652174
120;0,0
125;0,0
130;0,0
135;0,037037037037037035
140;0,0
145;0,013793103448275862
150;0,0
155;0,0
160;0,0
165;0,006060606060606061
170;0,0058823529411764705
175;0,0
180;0,0
185;0,005405405405405406
190;0,015789473684210527
195;0,005128205128205128
