10;0,1
15;0,06666666666666667
20;0,05
25;0,04
30;0,0
35;0,02857142857142857
40;0,0
45;0,0
50;0,02
55;0,0
60;0,0
65;0,046153846153846156
70;0,0
75;0,013333333333333334
80;0,0
85;0,0
90;0,011111111111111112
95;0,010526315789473684
100;0,0
105;0,009523809523809525
110;0,03636363636363636
115;0,0
120;0,008333333333333333
125;0,008
130;0,015384615384615385
135;0,0
140;0,007142857142857143
145;0,006896551724137931
150;0,006666666666666667
155;0,0064516129032258064
160;0,00625
165;0,006060606060606061
170;0,0
175;0,02857142857142857
180;0,005555555555555556
185;0,005405405405405406
190;0,0
195;0,0
200;0,0
205;0,0
210;0,047619047619047616
215;0,004651162790697674
220;0,0
225;0,0
230;0,004347826086956522
235;0,02127659574468085
240;0,004166666666666667
245;0,004081632653061225
250;0,0
255;0,00392156862745098
260;0,0038461538461538464
265;0,0037735849056603774
270;0,0
275;0,0
280;0,0
285;0,010526315789473684
290;0,0
295;0,006779661016949152
300;0,0033333333333333335
305;0,0
310;0,0064516129032258064
315;0,0
320;0,00625
325;0,003076923076923077
330;0,0030303030303030303
335;0,0029850746268656717
340;0,0
345;0,008695652173913044
350;0,008571428571428572
355;0,0
360;0,002777777777777778
365;0,0
370;0,0
375;0,0026666666666666666
380;0,0
385;0,007792207792207792
390;0,0
395;0,0
