20;0,15
25;0,04
30;0,03333333333333333
35;0,05714285714285714
40;0,2
45;0,0
50;0,0
55;0,0
60;0,03333333333333333
65;0,046153846153846156
70;0,04285714285714286
75;0,05333333333333334
80;0,0
85;0,0
90;0,0
95;0,0
100;0,01
105;0,0
110;0,0
115;0,02608695652173913
120;0,0
125;0,0
130;0,007692307692307693
135;0,007407407407407408
140;0,014285714285714285
145;0,027586206896551724
150;0,0
155;0,0064516129032258064
160;0,0
165;0,006060606060606061
170;0,0
175;0,005714285714285714
180;0,005555555555555556
185;0,021621621621621623
190;0,0
195;0,0
