40;0,0
45;0,06666666666666667
50;0,08
55;0,03636363636363636
60;0,23333333333333334
65;0,015384615384615385
70;0,02857142857142857
75;0,13333333333333333
80;0,0125
85;0,058823529411764705
90;0,022222222222222223
95;0,010526315789473684
100;0,0
105;0,0
110;0,0
115;0,0
120;0,03333333333333333
125;0,0
130;0,023076923076923078
135;0,007407407407407408
140;0,0
145;0,04827586206896552
150;0,02
155;0,0064516129032258064
160;0,025
165;0,006060606060606061
170;0,0
175;0,011428571428571429
180;0,0
185;0,021621621621621623
190;0,005263157894736842
195;0,005128205128205128
200;0,005
205;0,014634146341463415
210;0,0
215;0,0
220;0,0
225;0,0
230;0,021739130434782608
235;0,00425531914893617
240;0,0
245;0,02857142857142857
250;0,004
255;0,0
260;0,023076923076923078
265;0,0
270;0,0
275;0,0
280;0,010714285714285714
285;0,010526315789473684
290;0,0034482758620689655
295;0,01694915254237288
300;0,0
305;0,003278688524590164
310;0,00967741935483871
315;0,012698412698412698
320;0,009375
325;0,0
330;0,0030303030303030303
335;0,01791044776119403
340;0,0029411764705882353
