40;0,225
45;0,06666666666666667
50;0,08
55;0,03636363636363636
60;0,0
65;0,06153846153846154
70;0,0
75;0,0
80;0,05
85;0,023529411764705882
90;0,0
95;0,05263157894736842
100;0,09
105;0,0
110;0,07272727272727272
115;0,02608695652173913
120;0,016666666666666666
125;0,016
130;0,007692307692307693
135;0,007407407407407408
140;0,0
145;0,0
150;0,0
155;0,0064516129032258064
160;0,0125
165;0,012121212121212121
170;0,0
175;0,011428571428571429
180;0,005555555555555556
185;0,016216216216216217
190;0,0
195;0,005128205128205128
200;0,015
205;0,024390243902439025
210;0,0
215;0,0
220;0,0
225;0,0044444444444444444
230;0,0
235;0,00425531914893617
240;0,0125
245;0,0
250;0,02
255;0,03137254901960784
260;0,0038461538461538464
265;0,018867924528301886
270;0,0
275;0,02181818181818182
280;0,0
285;0,0
290;0,0034482758620689655
295;0,0
300;0,0
305;0,009836065573770493
310;0,012903225806451613
315;0,006349206349206349
320;0,0
325;0,003076923076923077
