20;0,1
25;0,12
30;0,0
35;0,05714285714285714
40;0,05
45;0,022222222222222223
50;0,0
55;0,07272727272727272
60;0,016666666666666666
65;0,0
70;0,04285714285714286
75;0,013333333333333334
80;0,0375
85;0,0
90;0,0
95;0,0
100;0,02
105;0,02857142857142857
110;0,01818181818181818
115;0,008695652173913044
120;0,016666666666666666
125;0,016
130;0,007692307692307693
135;0,007407407407407408
140;0,0
145;0,013793103448275862
150;0,0
155;0,01935483870967742
160;0,0
165;0,0
170;0,0058823529411764705
175;0,03428571428571429
180;0,0
185;0,0
190;0,021052631578947368
195;0,0
