10;0,1
15;0,06666666666666667
20;0,1
25;0,0
30;0,13333333333333333
35;0,0
40;0,0
45;0,022222222222222223
50;0,1
55;0,01818181818181818
60;0,0
65;0,046153846153846156
70;0,014285714285714285
75;0,0
80;0,0125
85;0,011764705882352941
90;0,011111111111111112
95;0,0
100;0,02
105;0,06666666666666667
110;0,0
115;0,0
120;0,008333333333333333
125;0,008
130;0,007692307692307693
135;0,0
140;0,007142857142857143
145;0,0
150;0,0
155;0,01935483870967742
160;0,025
165;0,0
170;0,0
175;0,0
180;0,005555555555555556
185;0,005405405405405406
190;0,005263157894736842
195;0,005128205128205128
