40;0,0
45;0,08888888888888889
50;0,22
55;0,0
60;0,03333333333333333
65;0,046153846153846156
70;0,014285714285714285
75;0,013333333333333334
80;0,1125
85;0,03529411764705882
90;0,03333333333333333
95;0,0
100;0,08
105;0,01904761904761905
110;0,00909090909090909
115;0,0
120;0,0
125;0,032
130;0,05384615384615385
135;0,007407407407407408
140;0,007142857142857143
145;0,0
150;0,006666666666666667
155;0,0
160;0,0375
165;0,012121212121212121
170;0,0
175;0,0
180;0,022222222222222223
185;0,005405405405405406
190;0,005263157894736842
195;0,0
200;0,01
205;0,0
210;0,009523809523809525
215;0,0
220;0,004545454545454545
225;0,022222222222222223
230;0,0
235;0,0
240;0,0125
245;0,0
250;0,0
255;0,0
260;0,0
265;0,007547169811320755
270;0,003703703703703704
275;0,03636363636363636
280;0,0
285;0,0
290;0,0034482758620689655
295;0,006779661016949152
300;0,0
305;0,0
310;0,0032258064516129032
315;0,0
