15;0,2
20;0,1
25;0,04
30;0,0
35;0,02857142857142857
40;0,0
45;0,022222222222222223
50;0,04
55;0,0
60;0,0
65;0,0
70;0,0
75;0,0
80;0,0
85;0,011764705882352941
90;0,0
95;0,021052631578947368
100;0,0
105;0,047619047619047616
110;0,02727272727272727
115;0,0
120;0,016666666666666666
125;0,0
130;0,0
135;0,007407407407407408
140;0,0
145;0,006896551724137931
150;0,006666666666666667
155;0,0064516129032258064
160;0,01875
165;0,0
170;0,0
175;0,017142857142857144
180;0,016666666666666666
185;0,0
190;0,0
195;0,020512820512820513
