40;0,075
45;0,28888888888888886
50;0,06
55;0,0
60;0,0
65;0,06153846153846154
70;0,0
75;0,0
80;0,075
85;0,011764705882352941
90;0,0
95;0,010526315789473684
100;0,08
105;0,01904761904761905
110;0,0
115;0,008695652173913044
120;0,008333333333333333
125;0,016
130;0,023076923076923078
135;0,007407407407407408
140;0,014285714285714285
145;0,006896551724137931
150;0,0
155;0,0
160;0,025
165;0,030303030303030304
170;0,0058823529411764705
175;0,0
180;0,0
185;0,0
190;0,005263157894736842
195;0,0
200;0,02
205;0,0
210;0,004761904761904762
215;0,004651162790697674
220;0,0
225;0,04
230;0,030434782608695653
235;0,00425531914893617
240;0,0
245;0,012244897959183673
250;0,012
255;0,0
260;0,019230769230769232
265;0,018867924528301886
270;0,0
275;0,01090909090909091
280;0,0
285;0,0035087719298245615
290;0,0
295;0,010169491525423728
300;0,016666666666666666
305;0,003278688524590164
310;0,0064516129032258064
315;0,0
