15;0,06666666666666667
20;0,2
25;0,0
30;0,06666666666666667
35;0,02857142857142857
40;0,025
45;0,022222222222222223
50;0,0
55;0,0
60;0,03333333333333333
65;0,0
70;0,0
75;0,0
80;0,0375
85;0,023529411764705882
90;0,011111111111111112
95;0,0
100;0,0
105;0,009523809523809525
110;0,02727272727272727
115;0,0
120;0,016666666666666666
125;0,0
130;0,007692307692307693
135;0,0
140;0,02142857142857143
145;0,013793103448275862
150;0,0
155;0,0064516129032258064
160;0,025
165;0,012121212121212121
170;0,0058823529411764705
175;0,005714285714285714
180;0,005555555555555556
185;0,005405405405405406
190;0,0
195;0,005128205128205128
