10;0,1
15;0,3333333333333333
20;0,15
25;0,0
30;0,03333333333333333
35;0,11428571428571428
40;0,025
45;0,022222222222222223
50;0,04
55;0,0
60;0,016666666666666666
65;0,0
70;0,0
75;0,04
80;0,0625
85;0,011764705882352941
90;0,011111111111111112
95;0,0
100;0,0
105;0,0
110;0,0
115;0,008695652173913044
120;0,008333333333333333
125;0,0
130;0,007692307692307693
135;0,007407407407407408
140;0,007142857142857143
145;0,006896551724137931
150;0,006666666666666667
155;0,0064516129032258064
160;0,00625
165;0,006060606060606061
170;0,0
175;0,005714285714285714
180;0,0
185;0,0
190;0,0
195;0,005128205128205128
