20;0,15
25;0,2
30;0,03333333333333333
35;0,0
40;0,075
45;0,0
50;0,02
55;0,12727272727272726
60;0,016666666666666666
65;0,0
70;0,04285714285714286
75;0,0
80;0,075
85;0,03529411764705882
90;0,0
95;0,0
100;0,01
105;0,0
110;0,0
115;0,008695652173913044
120;0,0
125;0,0
130;0,0
135;0,0
140;0,007142857142857143
145;0,0
150;0,006666666666666667
155;0,012903225806451613
160;0,01875
165;0,0
170;0,011764705882352941
175;0,0
180;0,0
185;0,005405405405405406
190;0,0
195;0,015384615384615385
200;0,005
205;0,0
210;0,0
215;0,004651162790697674
220;0,013636363636363636
225;0,0
230;0,0
235;0,00425531914893617
240;0,004166666666666667
245;0,0
250;0,0
255;0,011764705882352941
260;0,011538461538461539
265;0,0
270;0,014814814814814815
275;0,007272727272727273
280;0,0
285;0,017543859649122806
290;0,0034482758620689655
295;0,0
300;0,0033333333333333335
305;0,0
310;0,0032258064516129032
315;0,006349206349206349
320;0,003125
325;0,0
330;0,0
335;0,0
340;0,0
345;0,002898550724637681
350;0,008571428571428572
355;0,0
360;0,002777777777777778
365;0,0
370;0,0
375;0,0026666666666666666
380;0,002631578947368421
385;0,0025974025974025974
390;0,002564102564102564
395;0,0
