15;0,0
20;0,0
25;0,04
30;0,16666666666666666
35;0,05714285714285714
40;0,025
45;0,0
50;0,0
55;0,0
60;0,05
65;0,015384615384615385
70;0,0
75;0,0
80;0,0
85;0,047058823529411764
90;0,011111111111111112
95;0,031578947368421054
100;0,0
105;0,02857142857142857
110;0,00909090909090909
115;0,02608695652173913
120;0,0
125;0,008
130;0,007692307692307693
135;0,007407407407407408
140;0,007142857142857143
145;0,020689655172413793
150;0,0
155;0,03870967741935484
160;0,03125
165;0,024242424242424242
170;0,0
175;0,005714285714285714
180;0,0
185;0,0
190;0,0
195;0,0
