10;0,3
15;0,06666666666666667
20;0,05
25;0,04
30;0,0
35;0,02857142857142857
40;0,0
45;0,022222222222222223
50;0,0
55;0,03636363636363636
60;0,0
65;0,015384615384615385
70;0,014285714285714285
75;0,013333333333333334
80;0,0125
85;0,0
90;0,0
95;0,031578947368421054
100;0,01
105;0,009523809523809525
110;0,00909090909090909
115;0,0
120;0,008333333333333333
125;0,0
130;0,0
135;0,022222222222222223
140;0,007142857142857143
145;0,013793103448275862
150;0,006666666666666667
155;0,01935483870967742
160;0,0
165;0,006060606060606061
170;0,01764705882352941
175;0,005714285714285714
180;0,022222222222222223
185;0,0
190;0,0
195;0,0
