10;0,3
15;0,06666666666666667
20;0,05
25;0,0
30;0,03333333333333333
35;0,02857142857142857
40;0,0
45;0,022222222222222223
50;0,02
55;0,0
60;0,016666666666666666
65;0,0
70;0,0
75;0,013333333333333334
80;0,05
85;0,011764705882352941
90;0,011111111111111112
95;0,0
100;0,0
105;0,0
110;0,00909090909090909
115;0,008695652173913044
120;0,008333333333333333
125;0,0
130;0,0
135;0,0
140;0,03571428571428571
145;0,020689655172413793
150;0,013333333333333334
155;0,0
160;0,00625
165;0,0
170;0,0058823529411764705
175;0,0
180;0,0
185;0,005405405405405406
190;0,005263157894736842
195;0,005128205128205128
