10;0,1
15;0,06666666666666667
20;0,0
25;0,0
30;0,03333333333333333
35;0,02857142857142857
40;0,0
45;0,0
50;0,0
55;0,01818181818181818
60;0,0
65;0,0
70;0,014285714285714285
75;0,013333333333333334
80;0,0125
85;0,0
90;0,0
95;0,0
100;0,05
105;0,009523809523809525
110;0,03636363636363636
115;0,008695652173913044
120;0,0
125;0,0
130;0,007692307692307693
135;0,0
140;0,007142857142857143
145;0,0
150;0,0
155;0,0064516129032258064
160;0,00625
165;0,006060606060606061
170;0,023529411764705882
175;0,005714285714285714
180;0,0
185;0,0
190;0,005263157894736842
195;0,020512820512820513
