20;0,15
25;0,08
30;0,03333333333333333
35;0,02857142857142857
40;0,0
45;0,0
50;0,0
55;0,0
60;0,016666666666666666
65;0,06153846153846154
70;0,0
75;0,0
80;0,0
85;0,0
90;0,0
95;0,010526315789473684
100;0,0
105;0,0
110;0,00909090909090909
115;0,05217391304347826
120;0,0
125;0,024
130;0,015384615384615385
135;0,007407407407407408
140;0,007142857142857143
145;0,006896551724137931
150;0,0
155;0,025806451612903226
160;0,03125
165;0,006060606060606061
170;0,0058823529411764705
175;0,0
180;0,0
185;0,005405405405405406
190;0,0
195;0,005128205128205128
