15;0,06666666666666667
20;0,3
25;0,08
30;0,0
35;0,02857142857142857
40;0,025
45;0,022222222222222223
50;0,06
55;0,05454545454545454
60;0,0
65;0,046153846153846156
70;0,0
75;0,0
80;0,0125
85;0,023529411764705882
90;0,0
95;0,0
100;0,01
105;0,0
110;0,045454545454545456
115;0,0
120;0,0
125;0,008
130;0,0
135;0,007407407407407408
140;0,007142857142857143
145;0,0
150;0,02
155;0,012903225806451613
160;0,0
165;0,0
170;0,0058823529411764705
175;0,011428571428571429
180;0,0
185;0,0
190;0,005263157894736842
195;0,005128205128205128
