15;0,0
20;0,1
25;0,08
30;0,0
35;0,02857142857142857
40;0,0
45;0,0
50;0,02
55;0,01818181818181818
60;0,0
65;0,0
70;0,0
75;0,02666666666666667
80;0,0125
85;0,0
90;0,011111111111111112
95;0,010526315789473684
100;0,01
105;0,009523809523809525
110;0,0
115;0,0
120;0,041666666666666664
125;0,0
130;0,0
135;0,007407407407407408
140;0,0
145;0,0
150;0,0
155;0,01935483870967742
160;0,00625
165;0,0
170;0,01764705882352941
175;0,005714285714285714
180;0,0
185;0,005405405405405406
190;0,0
195;0,015384615384615385
