20;0,0
25;0,04
30;0,03333333333333333
35;0,0
40;0,0
45;0,0
50;0,16
55;0,05454545454545454
60;0,016666666666666666
65;0,0
70;0,014285714285714285
75;0,0
80;0,0125
85;0,023529411764705882
90;0,0
95;0,010526315789473684
100;0,02
105;0,009523809523809525
110;0,0
115;0,0
120;0,0
125;0,032
130;0,0
135;0,022222222222222223
140;0,0
145;0,0
150;0,006666666666666667
155;0,012903225806451613
160;0,01875
165;0,006060606060606061
170;0,011764705882352941
175;0,0
180;0,0
185;0,0
190;0,005263157894736842
195;0,010256410256410256
