15;0,3333333333333333
20;0,05
25;0,2
30;0,03333333333333333
35;0,08571428571428572
40;0,0
45;0,022222222222222223
50;0,0
55;0,01818181818181818
60;0,0
65;0,015384615384615385
70;0,014285714285714285
75;0,0
80;0,0375
85;0,011764705882352941
90;0,011111111111111112
95;0,0
100;0,0
105;0,0
110;0,00909090909090909
115;0,02608695652173913
120;0,0
125;0,0
130;0,046153846153846156
135;0,0
140;0,014285714285714285
145;0,0
150;0,006666666666666667
155;0,01935483870967742
160;0,03125
165;0,006060606060606061
170;0,0058823529411764705
175;0,0
180;0,005555555555555556
185;0,0
190;0,0
195;0,0
