15;0,2
20;0,0
25;0,04
30;0,0
35;0,14285714285714285
40;0,025
45;0,0
50;0,0
55;0,05454545454545454
60;0,016666666666666666
65;0,015384615384615385
70;0,04285714285714286
75;0,04
80;0,0125
85;0,0
90;0,06666666666666667
95;0,010526315789473684
100;0,0
105;0,009523809523809525
110;0,00909090909090909
115;0,0
120;0,03333333333333333
125;0,0
130;0,007692307692307693
135;0,007407407407407408
140;0,0
145;0,006896551724137931
150;0,006666666666666667
155;0,0064516129032258064
160;0,0
165;0,0
170;0,0
175;0,0
180;0,0
185;0,005405405405405406
190;0,015789473684210527
195;0,005128205128205128
