40;0,075
45;0,022222222222222223
50;0,14
55;0,0
60;0,03333333333333333
65;0,16923076923076924
70;0,08571428571428572
75;0,08
80;0,0125
85;0,0
90;0,14444444444444443
95;0,021052631578947368
100;0,0
105;0,0
110;0,0
115;0,034782608695652174
120;0,0
125;0,024
130;0,007692307692307693
135;0,0
140;0,02142857142857143
145;0,0
150;0,006666666666666667
155;0,012903225806451613
160;0,00625
165;0,006060606060606061
170;0,0
175;0,0
180;0,005555555555555556
185;0,04864864864864865
190;0,0
195;0,010256410256410256
200;0,005
205;0,0
