10;0,1
15;0,06666666666666667
20;0,0
25;0,0
30;0,06666666666666667
35;0,14285714285714285
40;0,0
45;0,0
50;0,0
55;0,0
60;0,0
65;0,0
70;0,014285714285714285
75;0,013333333333333334
80;0,0
85;0,047058823529411764
90;0,044444444444444446
95;0,031578947368421054
100;0,0
105;0,0
110;0,0
115;0,017391304347826087
120;0,0
125;0,0
130;0,007692307692307693
135;0,007407407407407408
140;0,0
145;0,0
150;0,0
155;0,0
160;0,0
165;0,0
170;0,0058823529411764705
175;0,017142857142857144
180;0,016666666666666666
185;0,0
190;0,0
195;0,0
