10;0,3
15;0,06666666666666667
20;0,05
25;0,04
30;0,13333333333333333
35;0,02857142857142857
40;0,025
45;0,022222222222222223
50;0,0
55;0,03636363636363636
60;0,016666666666666666
65;0,0
70;0,014285714285714285
75;0,0
80;0,0
85;0,011764705882352941
90;0,0
95;0,010526315789473684
100;0,01
105;0,009523809523809525
110;0,00909090909090909
115;0,017391304347826087
120;0,0
125;0,008
130;0,007692307692307693
135;0,0
140;0,007142857142857143
145;0,013793103448275862
150;0,03333333333333333
155;0,0064516129032258064
160;0,0
165;0,0
170;0,0058823529411764705
175;0,005714285714285714
180;0,0
185;0,005405405405405406
190;0,005263157894736842
195;0,0
