15;0,2
20;0,1
25;0,0
30;0,03333333333333333
35;0,0
40;0,0
45;0,0
50;0,0
55;0,05454545454545454
60;0,016666666666666666
65;0,015384615384615385
70;0,04285714285714286
75;0,05333333333333334
80;0,0125
85;0,023529411764705882
90;0,0
95;0,031578947368421054
100;0,0
105;0,009523809523809525
110;0,01818181818181818
115;0,0
120;0,0
125;0,0
130;0,015384615384615385
135;0,007407407407407408
140;0,0
145;0,0
150;0,0
155;0,0064516129032258064
160;0,0
165;0,006060606060606061
170;0,0
175;0,005714285714285714
180;0,0
185;0,005405405405405406
190;0,031578947368421054
195;0,0
200;0,005
205;0,004878048780487805
210;0,01904761904761905
215;0,004651162790697674
220;0,0
225;0,0044444444444444444
230;0,004347826086956522
235;0,00425531914893617
240;0,004166666666666667
245;0,00816326530612245
250;0,0
255;0,0
260;0,0
265;0,0037735849056603774
270;0,007407407407407408
275;0,0036363636363636364
280;0,0
285;0,0
290;0,0034482758620689655
295;0,0
300;0,0
305;0,0
310;0,0032258064516129032
315;0,0031746031746031746
320;0,0
325;0,0
330;0,00909090909090909
335;0,005970149253731343
340;0,0
345;0,002898550724637681
350;0,008571428571428572
355;0,0
360;0,002777777777777778
365;0,00821917808219178
370;0,002702702702702703
375;0,0
380;0,007894736842105263
385;0,0025974025974025974
390;0,002564102564102564
395;0,0
