15;0,26666666666666666
20;0,0
25;0,12
30;0,06666666666666667
35;0,0
40;0,0
45;0,06666666666666667
50;0,06
55;0,0
60;0,0
65;0,0
70;0,07142857142857142
75;0,0
80;0,0
85;0,011764705882352941
90;0,011111111111111112
95;0,010526315789473684
100;0,03
105;0,009523809523809525
110;0,00909090909090909
115;0,008695652173913044
120;0,0
125;0,032
130;0,03076923076923077
135;0,0
140;0,0
145;0,0
150;0,013333333333333334
155;0,01935483870967742
160;0,0
165;0,006060606060606061
170;0,0058823529411764705
175;0,011428571428571429
180;0,005555555555555556
185;0,0
190;0,0
195;0,010256410256410256
