10;0,1
20;0,05
30;0,0
40;0,0
50;0,02
60;0,016666666666666666
70;0,05714285714285714
80;0,0
90;0,0
100;0,03
110;0,00909090909090909
120;0,0
130;0,0
140;0,02142857142857143
150;0,006666666666666667
160;0,00625
170;0,011764705882352941
180;0,005555555555555556
190;0,021052631578947368
200;0,015
210;0,004761904761904762
220;0,004545454545454545
230;0,004347826086956522
240;0,004166666666666667
250;0,004
260;0,007692307692307693
270;0,0
280;0,0
290;0,0
300;0,0
310;0,0064516129032258064
320;0,0
330;0,0
340;0,0
350;0,002857142857142857
360;0,002777777777777778
370;0,008108108108108109
380;0,0
390;0,0
400;0,0025
410;0,0
420;0,004761904761904762
