20;0,05
30;0,1
40;0,0
50;0,0
60;0,0
70;0,014285714285714285
80;0,0
90;0,0
20;0,0
30;0,03333333333333333
40;0,025
50;0,0
60;0,016666666666666666
70;0,014285714285714285
80;0,0125
90;0,011111111111111112
20;0,1
30;0,03333333333333333
40;0,0
50;0,02
60;0,03333333333333333
70;0,014285714285714285
80;0,0125
90;0,0
20;0,05
30;0,03333333333333333
40;0,0
50;0,0
60;0,0
70;0,014285714285714285
80;0,0
90;0,0
20;0,0
30;0,03333333333333333
40;0,025
50;0,0
60;0,03333333333333333
70;0,08571428571428572
80;0,0125
90;0,0
20;0,05
30;0,1
40;0,025
50;0,0
60;0,0
70;0,014285714285714285
80;0,0
90;0,0
20;0,25
30;0,0
40;0,025
50;0,0
60;0,0
70;0,0
80;0,0
90;0,022222222222222223
20;0,05
30;0,03333333333333333
40;0,025
50;0,0
60;0,016666666666666666
70;0,0
80;0,0125
90;0,011111111111111112
20;0,05
30;0,0
40;0,0
50;0,0
60;0,016666666666666666
70;0,0
80;0,0
90;0,0
20;0,05
30;0,06666666666666667
40;0,0
50;0,06
60;0,0
70;0,014285714285714285
80;0,0
90;0,011111111111111112
20;0,0
30;0,06666666666666667
40;0,025
50;0,0
60;0,0
70;0,0
80;0,0
90;0,0
20;0,05
30;0,0
40;0,0
50;0,04
60;0,0
70;0,014285714285714285
80;0,0
90;0,011111111111111112
20;0,15
30;0,1
40;0,0
50;0,02
60;0,016666666666666666
70;0,014285714285714285
80;0,075
90;0,011111111111111112
20;0,0
30;0,03333333333333333
40;0,0
50;0,0
60;0,0
70;0,014285714285714285
80;0,0
90;0,011111111111111112
20;0,2
30;0,0
40;0,0
50;0,02
60;0,0
70;0,0
80;0,025
90;0,0
20;0,2
30;0,2
40;0,05
50;0,06
60;0,016666666666666666
70;0,014285714285714285
80;0,0125
90;0,022222222222222223
20;0,05
30;0,03333333333333333
40;0,025
50;0,1
60;0,0
70;0,014285714285714285
80;0,0125
90;0,0
20;0,0
30;0,03333333333333333
40;0,025
50;0,02
60;0,016666666666666666
70;0,014285714285714285
80;0,0
90;0,0
20;0,0
30;0,03333333333333333
40;0,0
50;0,06
60;0,0
70;0,014285714285714285
80;0,0
90;0,011111111111111112
20;0,05
30;0,0
40;0,025
50;0,02
60;0,0
70;0,014285714285714285
80;0,0
90;0,0
20;0,05
30;0,0
40;0,025
50;0,0
60;0,0
70;0,04285714285714286
80;0,0
90;0,0
20;0,1
30;0,06666666666666667
40;0,025
50;0,04
60;0,08333333333333333
70;0,014285714285714285
80;0,0125
90;0,011111111111111112
20;0,0
30;0,0
40;0,025
50;0,0
60;0,0
70;0,0
80;0,0125
90;0,011111111111111112
20;0,0
30;0,0
40;0,0
50;0,0
60;0,0
70;0,04285714285714286
80;0,0125
90;0,0
20;0,05
30;0,03333333333333333
40;0,025
50;0,02
60;0,016666666666666666
70;0,04285714285714286
80;0,0
90;0,0
20;0,05
30;0,03333333333333333
40;0,0
50;0,02
60;0,0
70;0,07142857142857142
80;0,0
90;0,0
20;0,2
30;0,1
40;0,0
50;0,02
60;0,016666666666666666
70;0,02857142857142857
80;0,025
90;0,0
20;0,05
30;0,06666666666666667
40;0,0
50;0,0
60;0,0
70;0,014285714285714285
80;0,025
90;0,0
20;0,25
30;0,0
40;0,0
50;0,04
60;0,0
70;0,08571428571428572
80;0,0125
90;0,0
20;0,0
30;0,03333333333333333
40;0,025
50;0,02
60;0,0
